--------------------------------------------第一次-------------------------------------------------------
只发一条数据
mb_TCP_cmd    08 08 00 00 00 06 01 03 9C 41 00 01
645_cmd           68 00 00 01 22 09 01 68 11 04 00 00 00 00 12 16               (cs应该是00)
645_resp	      68 00 00 01 22 09 01 68 91 07 00 00 00 00 00 00 00 95 16
mb_TCP_resp    08 08 00 00 00 09 01 03 06 00 00 00 00 00 00 
////////////////////////////////////////////////////////////
发送多条数据
mb_TCP_cmd    08 08 00 00 00 06 01 03 9C 41 00 03
645_cmd          68 00 00 01 22 09 01 68 11 04 00 00 00 00 12 16  (cs应该是00)
 	         68 00 00 01 22 09 01 68 11 04 00 00 01 00 13 16  (cs应该是00)
                         68 00 00 01 22 09 01 68 11 04 00 00 02 00 14 16  (cs应该是00)

645_resp	      68 00 00 01 22 09 01 68 91 07 33 33 33 33 55 55 55 60 16
	      68 00 00 01 22 09 01 68 91 06 33 33 34 33 55 55 0b 16
	      68 00 00 01 22 09 01 68 91 05 33 33 35 33 55 b6 16

mb_TCP_resp    08 08 00 00 00 09 01 03 06 00 00 00 00 00 00

--------------------------------------------第二次-------------------------------------------------------

读一个保持寄存器数据
mb_TCP_cmd    0001 0000 0006 01 03 9C41 0001
645_resp      68 00 00 01 22 09 01 68 91 06 33 33 33 33 34 35 C9 16

读多个保持寄存器数据
mb_TCP_cmd    0808 0000 0006 01 03 9C41 0003
645_resp	  68 00 00 01 22 09 01 68 91 07 33 33 33 33 55 55 55 60 16
	          68 00 00 01 22 09 01 68 91 06 33 33 34 33 55 55 0b 16
	          68 00 00 01 22 09 01 68 91 05 33 33 35 33 55 b6 16
写单个保持寄存器
mb_TCP_cmd    0001 0000 0006 01 06 9C41 000A
645_resp      68 00 00 01 22 09 01 68 94 06 33 33 33 33 33 3D D3 16

写单个线圈
mb_TCP_cmd    0001 0000 0006 01 05 0001 FF00
645_resp      68 00 00 01 22 09 01 68 94 06 3B 33 33 33 32 33 D0 16

写多个保持寄存器
mb_TCP_cmd    0001 0000 000B 01 10 9C41 0002 04 000A0102
645_resp      68 00 00 01 22 09 01 68 94 06 33 33 33 33 33 35 CB 16
              68 00 00 01 22 09 01 68 94 06 33 33 33 33 33 35 CB 16

写多个线圈
mb_TCP_cmd    0001 0000 1001 01 0F 0001 000A 02 CD01
645_resp      68 00 00 01 22 09 01 68 94 07 3B 33 33 33 33 3D 35 11 16
              68 00 00 01 22 09 01 68 94 07 3B 33 33 33 33 3D 35 11 16
